Адр Знчн IP CR AR DR SP BR AC NZVC Адр Знчн
188 A191 189 A191 191 3193 000 0188 3193 0000
189 6192 18A 6192 192 3193 000 0189 0000 0101
18A E193 18B E193 193 0000 000 018A 0000 0101 193 0000
18B 0200 18C 0200 18B 0200 000 018B 0000 0101
18C 3194 18D 3194 194 0100 000 FEFF 0100 0001
18D 3193 18E 3193 193 0000 000 FEFF 0100 0001
18E E190 18F E190 190 0100 000 018E 0100 0001 190 0100
18F 0100 190 0100 18F 0100 000 018F 0100 0001
190 0100 191 0100 190 0100 000 0190 0100 0001
191 3193 192 3193 193 0000 000 FEFF 0100 0001
192 3193 193 3193 193 0000 000 FEFF 0100 0001
193 0000 194 0000 193 0000 000 0193 0100 0001
194 0100 195 0100 194 0100 000 0194 0100 0001
